{
  "experiment": "Exp3_TinyStories",
  "config": {
    "steps": 3000,
    "n_blocks": 32,
    "k": 4,
    "R": 6,
    "div_w": 0.0,
    "coord_w": 0.0,
    "diverse": false,
    "diverse_until": 0,
    "diverse_from_iter": 0,
    "pretrained_ckpt": null,
    "bs": 32,
    "seq_len": 128,
    "vocab": 8000,
    "ts_max_docs": 20000,
    "device": "cuda"
  },
  "train_s": 1158.0,
  "history": [
    {
      "step": 1,
      "L1": 250.502197265625,
      "Lfin": 240.64608764648438,
      "loss_per_iter": [
        250.502197265625,
        249.6274871826172,
        248.1648406982422,
        246.14877319335938,
        243.6246795654297,
        240.64608764648438
      ],
      "jacc": 1.0,
      "div": 0.0,
      "grad_norm": 18.1809
    },
    {
      "step": 500,
      "L1": 4.933872699737549,
      "Lfin": 4.927365303039551,
      "loss_per_iter": [
        4.933872699737549,
        4.925227165222168,
        4.922603607177734,
        4.922543525695801,
        4.924237251281738,
        4.927365303039551
      ],
      "jacc": 1.0,
      "div": 0.0,
      "grad_norm": 2.7932
    },
    {
      "step": 1000,
      "L1": 4.279497146606445,
      "Lfin": 4.274659156799316,
      "loss_per_iter": [
        4.279497146606445,
        4.276703834533691,
        4.27499532699585,
        4.274133682250977,
        4.274036884307861,
        4.274659156799316
      ],
      "jacc": 1.0,
      "div": 0.0,
      "grad_norm": 1.21
    },
    {
      "step": 1500,
      "L1": 4.019487380981445,
      "Lfin": 4.01412296295166,
      "loss_per_iter": [
        4.019487380981445,
        4.016563415527344,
        4.014847278594971,
        4.013940811157227,
        4.013720989227295,
        4.01412296295166
      ],
      "jacc": 1.0,
      "div": 0.0,
      "grad_norm": 1.0859
    },
    {
      "step": 2000,
      "L1": 3.7816505432128906,
      "Lfin": 3.774045467376709,
      "loss_per_iter": [
        3.7816505432128906,
        3.7782297134399414,
        3.7759463787078857,
        3.7745604515075684,
        3.773951530456543,
        3.774045467376709
      ],
      "jacc": 1.0,
      "div": 0.0,
      "grad_norm": 0.8854
    },
    {
      "step": 2500,
      "L1": 3.6978836059570312,
      "Lfin": 3.688955307006836,
      "loss_per_iter": [
        3.6978836059570312,
        3.6939733028411865,
        3.6913681030273438,
        3.6897449493408203,
        3.6889684200286865,
        3.688955307006836
      ],
      "jacc": 1.0,
      "div": 0.0,
      "grad_norm": 0.7092
    },
    {
      "step": 3000,
      "L1": 3.7136263847351074,
      "Lfin": 3.7011914253234863,
      "loss_per_iter": [
        3.7136263847351074,
        3.7089221477508545,
        3.7055234909057617,
        3.7031753063201904,
        3.7017555236816406,
        3.7011914253234863
      ],
      "jacc": 1.0,
      "div": 0.0,
      "grad_norm": 0.6352
    }
  ],
  "chance_loss": 8.987,
  "final_loss_per_iter": [
    3.7136263847351074,
    3.7089221477508545,
    3.7055234909057617,
    3.7031753063201904,
    3.7017555236816406,
    3.7011914253234863
  ],
  "jaccard_consecutive": [
    1.0,
    1.0,
    1.0,
    1.0,
    1.0
  ],
  "dead_blocks": 0,
  "router_entropy_norm": [
    0.911252498626709,
    0.911252498626709,
    0.911252498626709,
    0.911252498626709,
    0.911252498626709,
    0.911252498626709
  ],
  "hub_gini": 0.434,
  "top5_block_share": 0.4423,
  "unique_blocks_per_token": {
    "mean": 4.0,
    "p50": 4.0,
    "p90": 4.0,
    "max_possible": 24,
    "reduction_64": 16.0,
    "reduction_256": 64.0,
    "reduction_1000": 250.0
  },
  "cache_sim": {
    "caps": [
      4,
      8,
      16
    ],
    "learned": [
      0.1199,
      0.0889,
      0.0498
    ],
    "random": [
      0.9193,
      0.7876,
      0.5265
    ]
  },
  "ablation": {
    "state_rel_change": [
      16.51363515853882,
      0.027580660302191973,
      0.01933456095866859,
      0.018176185432821512,
      0.017863524379208684,
      0.017886055633425713
    ],
    "kl_div_consecutive": [
      Infinity,
      0.001383183363941498,
      0.0012223046505823731,
      0.0011793225858127698,
      0.0010087232367368415
    ],
    "jaccard_full_matrix": [
      [
        1.0,
        0.23001126758754253,
        0.23028911836445332,
        0.23010950349271297,
        0.22988512367010117,
        0.2288399673998356
      ],
      [
        0.23001126758754253,
        1.0,
        0.98560381680727,
        0.9747965484857559,
        0.964785061776638,
        0.9550037235021591
      ],
      [
        0.23028911836445332,
        0.98560381680727,
        1.0,
        0.9884684011340141,
        0.9779157042503357,
        0.9677030891180038
      ],
      [
        0.23010950349271297,
        0.9747965484857559,
        0.9884684011340141,
        1.0,
        0.9891072735190392,
        0.9784307330846786
      ],
      [
        0.22988512367010117,
        0.964785061776638,
        0.9779157042503357,
        0.9891072735190392,
        1.0,
        0.9889933243393898
      ],
      [
        0.2288399673998356,
        0.9550037235021591,
        0.9677030891180038,
        0.9784307330846786,
        0.9889933243393898,
        1.0
      ]
    ],
    "loss_normal": [
      3.739328920841217,
      3.7348320186138153,
      3.73347008228302,
      3.734392464160919,
      3.7376720309257507,
      3.7431546449661255
    ],
    "loss_forced": [
      3.739328920841217,
      NaN,
      NaN,
      NaN,
      NaN,
      NaN
    ],
    "forced_minus_normal": [
      0.0,
      NaN,
      NaN,
      NaN,
      NaN,
      NaN
    ]
  },
  "efficiency_gain": 12.43496,
  "efficiency_gain_note": "(L1-Lfin) / (unique_blocks_mean - k)"
}