{
  "experiment": "Exp3_TinyStories",
  "config": {
    "steps": 200,
    "n_blocks": 64,
    "k": 4,
    "R": 6,
    "bs": 32,
    "seq_len": 128,
    "vocab": 8000,
    "ts_max_docs": 20000,
    "device": "cuda"
  },
  "train_s": 128.6,
  "history": [
    {
      "step": 1,
      "L1": 246.1187744140625,
      "Lfin": 237.01290893554688,
      "loss_per_iter": [
        246.1187744140625,
        245.22808837890625,
        243.81610107421875,
        241.93814086914062,
        239.65106201171875,
        237.01290893554688
      ],
      "jacc": 0.9008544832468033
    },
    {
      "step": 50,
      "L1": 36.03351593017578,
      "Lfin": 26.244218826293945,
      "loss_per_iter": [
        36.03351593017578,
        29.284374237060547,
        27.453222274780273,
        26.71100616455078,
        26.39000701904297,
        26.244218826293945
      ],
      "jacc": 0.9998372495174408
    },
    {
      "step": 100,
      "L1": 13.282938003540039,
      "Lfin": 12.482475280761719,
      "loss_per_iter": [
        13.282938003540039,
        12.506980895996094,
        12.431190490722656,
        12.44068717956543,
        12.461517333984375,
        12.482475280761719
      ],
      "jacc": 0.999951183795929
    },
    {
      "step": 150,
      "L1": 7.913430690765381,
      "Lfin": 7.799585342407227,
      "loss_per_iter": [
        7.913430690765381,
        7.758918762207031,
        7.72947359085083,
        7.745245933532715,
        7.77139949798584,
        7.799585342407227
      ],
      "jacc": 0.9875732362270355
    },
    {
      "step": 200,
      "L1": 6.218481063842773,
      "Lfin": 6.266575813293457,
      "loss_per_iter": [
        6.218481063842773,
        6.16950798034668,
        6.1803717613220215,
        6.206092357635498,
        6.2361907958984375,
        6.266575813293457
      ],
      "jacc": 0.9754638969898224
    }
  ],
  "chance_loss": 8.987,
  "final_loss_per_iter": [
    6.218481063842773,
    6.16950798034668,
    6.1803717613220215,
    6.206092357635498,
    6.2361907958984375,
    6.266575813293457
  ],
  "jaccard_consecutive": [
    0.2751685678958893,
    0.9317301511764526,
    0.9146728515625,
    0.949780285358429,
    0.9762939214706421
  ],
  "dead_blocks": 15,
  "router_entropy_norm": [
    0.9271410703659058,
    0.9986429214477539,
    0.9986369609832764,
    0.998633086681366,
    0.9986303448677063,
    0.9986281394958496
  ],
  "hub_gini": 0.9172,
  "top5_block_share": 0.8742,
  "unique_blocks_per_token": {
    "mean": 6.8697509765625,
    "p50": 7.0,
    "p90": 8.0,
    "max_possible": 24,
    "reduction_64": 9.32,
    "reduction_256": 37.26,
    "reduction_1000": 145.57
  },
  "cache_sim": {
    "caps": [
      8,
      16,
      32
    ],
    "learned": [
      0.061,
      0.0082,
      0.0067
    ],
    "random": [
      0.896,
      0.769,
      0.5145
    ]
  },
  "ablation": {
    "state_rel_change": [
      9.66306757926941,
      0.22393472492694855,
      0.18342936038970947,
      0.15529007092118263,
      0.13458069041371346,
      0.11870876513421535
    ],
    "kl_div_consecutive": [
      Infinity,
      0.014155414188280702,
      0.007981104776263237,
      0.004903896595351398,
      0.0031843483448028564
    ],
    "jaccard_full_matrix": [
      [
        1.0,
        0.27601258456707,
        0.27709145843982697,
        0.27728676050901413,
        0.27733559906482697,
        0.27733559906482697
      ],
      [
        0.27601258456707,
        1.0,
        0.930989608168602,
        0.8499105274677277,
        0.8077962547540665,
        0.7859701067209244
      ],
      [
        0.27709145843982697,
        0.930989608168602,
        1.0,
        0.9139404594898224,
        0.8678223043680191,
        0.844555675983429
      ],
      [
        0.27728676050901413,
        0.8499105274677277,
        0.9139404594898224,
        1.0,
        0.9511962980031967,
        0.9267578721046448
      ],
      [
        0.27733559906482697,
        0.8077962547540665,
        0.8678223043680191,
        0.9511962980031967,
        1.0,
        0.9746093600988388
      ],
      [
        0.27733559906482697,
        0.7859701067209244,
        0.844555675983429,
        0.9267578721046448,
        0.9746093600988388,
        1.0
      ]
    ],
    "loss_normal": [
      6.2519402503967285,
      6.215023398399353,
      6.223903059959412,
      6.247364044189453,
      6.275632739067078,
      6.304581165313721
    ],
    "loss_forced": [
      6.2519402503967285,
      6.238303542137146,
      6.202330112457275,
      6.194723606109619,
      6.206204175949097,
      6.2005555629730225
    ],
    "forced_minus_normal": [
      0.0,
      0.02328014373779297,
      -0.02157294750213623,
      -0.052640438079833984,
      -0.06942856311798096,
      -0.10402560234069824
    ]
  }
}