{
  "experiment": "Exp3_TinyStories",
  "config": {
    "steps": 200,
    "n_blocks": 64,
    "k": 4,
    "R": 6,
    "div_w": 0.1,
    "coord_w": 0.05,
    "bs": 32,
    "seq_len": 128,
    "vocab": 8000,
    "ts_max_docs": 20000,
    "device": "cuda"
  },
  "train_s": 138.6,
  "history": [
    {
      "step": 1,
      "L1": 250.55271911621094,
      "Lfin": 241.51580810546875,
      "loss_per_iter": [
        250.55271911621094,
        249.668701171875,
        248.25665283203125,
        246.37632751464844,
        244.12298583984375,
        241.51580810546875
      ],
      "jacc": 0.883097305893898,
      "div": 0.07849543169140816
    },
    {
      "step": 50,
      "L1": 38.656314849853516,
      "Lfin": 26.980487823486328,
      "loss_per_iter": [
        38.656314849853516,
        30.443164825439453,
        28.18234634399414,
        27.387798309326172,
        27.104999542236328,
        26.980487823486328
      ],
      "jacc": 0.9973841905593872,
      "div": 0.08176129311323166
    },
    {
      "step": 100,
      "L1": 11.937707901000977,
      "Lfin": 11.317974090576172,
      "loss_per_iter": [
        11.937707901000977,
        11.314105987548828,
        11.254098892211914,
        11.269294738769531,
        11.293882369995117,
        11.317974090576172
      ],
      "jacc": 0.9999755918979645,
      "div": 0.08665735833346844
    },
    {
      "step": 150,
      "L1": 7.673763275146484,
      "Lfin": 7.706328392028809,
      "loss_per_iter": [
        7.673763275146484,
        7.572602272033691,
        7.5993332862854,
        7.641047954559326,
        7.676551818847656,
        7.706328392028809
      ],
      "jacc": 0.9313476532697678,
      "div": 0.07960723713040352
    },
    {
      "step": 200,
      "L1": 6.421334266662598,
      "Lfin": 6.3577399253845215,
      "loss_per_iter": [
        6.421334266662598,
        6.3600873947143555,
        6.336236000061035,
        6.334194183349609,
        6.342852592468262,
        6.3577399253845215
      ],
      "jacc": 0.9874267876148224,
      "div": 0.07748241536319256
    }
  ],
  "chance_loss": 8.987,
  "final_loss_per_iter": [
    6.421334266662598,
    6.3600873947143555,
    6.336236000061035,
    6.334194183349609,
    6.342852592468262,
    6.3577399253845215
  ],
  "jaccard_consecutive": [
    0.13776740431785583,
    0.983749508857727,
    0.9864501953125,
    0.9846400022506714,
    0.9873291254043579
  ],
  "dead_blocks": 8,
  "router_entropy_norm": [
    0.9345554113388062,
    0.9987629652023315,
    0.9987882971763611,
    0.9988101124763489,
    0.9988287091255188,
    0.9988447427749634
  ],
  "hub_gini": 0.9106,
  "top5_block_share": 0.8554,
  "unique_blocks_per_token": {
    "mean": 7.18084716796875,
    "p50": 7.0,
    "p90": 8.0,
    "max_possible": 24,
    "reduction_64": 8.91,
    "reduction_256": 35.65,
    "reduction_1000": 139.26
  },
  "cache_sim": {
    "caps": [
      8,
      16,
      32
    ],
    "learned": [
      0.0796,
      0.0066,
      0.0062
    ],
    "random": [
      0.896,
      0.769,
      0.5145
    ]
  },
  "ablation": {
    "state_rel_change": [
      6.608079791069031,
      0.09806939028203487,
      0.08902356214821339,
      0.08189142867922783,
      0.07578014768660069,
      0.07076786458492279
    ],
    "kl_div_consecutive": [
      NaN,
      NaN,
      NaN,
      NaN,
      NaN
    ],
    "jaccard_full_matrix": [
      [
        1.0,
        0.13725005835294724,
        0.13718727603554726,
        0.1371140293776989,
        0.13706113025546074,
        0.13698963448405266
      ],
      [
        0.13725005835294724,
        1.0,
        0.9841116666793823,
        0.9720104932785034,
        0.957598015666008,
        0.9445609152317047
      ],
      [
        0.13718727603554726,
        0.9841116666793823,
        1.0,
        0.9876139014959335,
        0.9731689691543579,
        0.9600830078125
      ],
      [
        0.1371140293776989,
        0.9720104932785034,
        0.9876139014959335,
        1.0,
        0.9854945093393326,
        0.9723109602928162
      ],
      [
        0.13706113025546074,
        0.957598015666008,
        0.9731689691543579,
        0.9854945093393326,
        1.0,
        0.9867675751447678
      ],
      [
        0.13698963448405266,
        0.9445609152317047,
        0.9600830078125,
        0.9723109602928162,
        0.9867675751447678,
        1.0
      ]
    ],
    "loss_normal": [
      6.446958899497986,
      6.38913369178772,
      6.369444727897644,
      6.368714809417725,
      6.378366112709045,
      6.394676089286804
    ],
    "loss_forced": [
      6.446958899497986,
      6.4235334396362305,
      6.370134353637695,
      6.361978054046631,
      6.351402640342712,
      6.352841854095459
    ],
    "forced_minus_normal": [
      0.0,
      0.03439974784851074,
      0.0006896257400512695,
      -0.00673675537109375,
      -0.026963472366333008,
      -0.041834235191345215
    ]
  }
}