{
  "experiment": "Exp3_TinyStories",
  "config": {
    "steps": 3000,
    "n_blocks": 16,
    "k": 4,
    "R": 6,
    "div_w": 0.0,
    "coord_w": 0.0,
    "diverse": false,
    "diverse_until": 0,
    "diverse_from_iter": 0,
    "pretrained_ckpt": null,
    "bs": 32,
    "seq_len": 128,
    "vocab": 8000,
    "ts_max_docs": 20000,
    "device": "cuda"
  },
  "train_s": 770.9,
  "history": [
    {
      "step": 1,
      "L1": 250.1829833984375,
      "Lfin": 240.47711181640625,
      "loss_per_iter": [
        250.1829833984375,
        249.293701171875,
        247.83432006835938,
        245.84178161621094,
        243.36868286132812,
        240.47711181640625
      ],
      "jacc": 0.9605305939912796,
      "div": 0.31410833448171616,
      "grad_norm": 19.3685
    },
    {
      "step": 500,
      "L1": 4.767931938171387,
      "Lfin": 4.778182029724121,
      "loss_per_iter": [
        4.767931938171387,
        4.768202304840088,
        4.76981258392334,
        4.772088527679443,
        4.774878025054932,
        4.778182029724121
      ],
      "jacc": 0.9891113340854645,
      "div": 0.30299367755651474,
      "grad_norm": 1.3106
    },
    {
      "step": 1000,
      "L1": 4.278048038482666,
      "Lfin": 4.286680221557617,
      "loss_per_iter": [
        4.278048038482666,
        4.27815055847168,
        4.2791595458984375,
        4.280952453613281,
        4.283478736877441,
        4.286680221557617
      ],
      "jacc": 0.9931152313947678,
      "div": 0.29873867332935333,
      "grad_norm": 1.2325
    },
    {
      "step": 1500,
      "L1": 4.05692195892334,
      "Lfin": 4.061811923980713,
      "loss_per_iter": [
        4.05692195892334,
        4.056636810302734,
        4.057446479797363,
        4.058572292327881,
        4.06003999710083,
        4.061811923980713
      ],
      "jacc": 0.9947265386581421,
      "div": 0.30051185190677643,
      "grad_norm": 0.8426
    },
    {
      "step": 2000,
      "L1": 3.8190503120422363,
      "Lfin": 3.821617603302002,
      "loss_per_iter": [
        3.8190503120422363,
        3.8187975883483887,
        3.8190083503723145,
        3.8195910453796387,
        3.820464611053467,
        3.821617603302002
      ],
      "jacc": 0.9932617098093033,
      "div": 0.30184356123209,
      "grad_norm": 0.68
    },
    {
      "step": 2500,
      "L1": 3.7118070125579834,
      "Lfin": 3.7113189697265625,
      "loss_per_iter": [
        3.7118070125579834,
        3.711124897003174,
        3.710768699645996,
        3.7106924057006836,
        3.710878849029541,
        3.7113189697265625
      ],
      "jacc": 0.9929443150758743,
      "div": 0.3022768720984459,
      "grad_norm": 0.6443
    },
    {
      "step": 3000,
      "L1": 3.7429981231689453,
      "Lfin": 3.7408926486968994,
      "loss_per_iter": [
        3.7429981231689453,
        3.741285800933838,
        3.7404322624206543,
        3.740297794342041,
        3.740474224090576,
        3.7408926486968994
      ],
      "jacc": 0.9933593720197678,
      "div": 0.3028422147035599,
      "grad_norm": 0.6204
    }
  ],
  "chance_loss": 8.987,
  "final_loss_per_iter": [
    3.7429981231689453,
    3.741285800933838,
    3.7404322624206543,
    3.740297794342041,
    3.740474224090576,
    3.7408926486968994
  ],
  "jaccard_consecutive": [
    0.37715813517570496,
    0.9917588829994202,
    0.992602527141571,
    0.9926025867462158,
    0.9926757216453552
  ],
  "dead_blocks": 0,
  "router_entropy_norm": [
    0.7119314670562744,
    0.9979345798492432,
    0.9979411959648132,
    0.997941255569458,
    0.9979405999183655,
    0.9979396462440491
  ],
  "hub_gini": 0.221,
  "top5_block_share": 0.4794,
  "unique_blocks_per_token": {
    "mean": 5.950052738189697,
    "p50": 6.0,
    "p90": 7.0,
    "max_possible": 24,
    "reduction_64": 10.76,
    "reduction_256": 43.02,
    "reduction_1000": 168.07
  },
  "cache_sim": {
    "caps": [
      4,
      4,
      8
    ],
    "learned": [
      0.2193,
      0.2193,
      0.1077
    ],
    "random": [
      0.8325,
      0.8325,
      0.5558
    ]
  },
  "ablation": {
    "state_rel_change": [
      8.706291437149048,
      0.009632226603571326,
      0.007864102604798973,
      0.007250736583955586,
      0.006882989255245775,
      0.006628245522733778
    ],
    "kl_div_consecutive": [
      Infinity,
      0.00025276688575104345,
      0.00016334983047272544,
      0.00014828955863777082,
      0.00014121398635325022
    ],
    "jaccard_full_matrix": [
      [
        1.0,
        0.3814624734222889,
        0.3818071745336056,
        0.38224807009100914,
        0.3830246813595295,
        0.38334495574235916
      ],
      [
        0.3814624734222889,
        1.0,
        0.990954577922821,
        0.9841145649552345,
        0.9770467132329941,
        0.9702677503228188
      ],
      [
        0.3818071745336056,
        0.990954577922821,
        1.0,
        0.9929443225264549,
        0.9857177808880806,
        0.9789021536707878
      ],
      [
        0.38224807009100914,
        0.9841145649552345,
        0.9929443225264549,
        1.0,
        0.9924682527780533,
        0.9855997636914253
      ],
      [
        0.3830246813595295,
        0.9770467132329941,
        0.9857177808880806,
        0.9924682527780533,
        1.0,
        0.9925170764327049
      ],
      [
        0.38334495574235916,
        0.9702677503228188,
        0.9789021536707878,
        0.9855997636914253,
        0.9925170764327049,
        1.0
      ]
    ],
    "loss_normal": [
      3.766102612018585,
      3.7644734978675842,
      3.7635757327079773,
      3.76325061917305,
      3.76323926448822,
      3.7635048031806946
    ],
    "loss_forced": [
      3.766102612018585,
      NaN,
      NaN,
      NaN,
      NaN,
      NaN
    ],
    "forced_minus_normal": [
      0.0,
      NaN,
      NaN,
      NaN,
      NaN,
      NaN
    ]
  },
  "efficiency_gain": 0.00108,
  "efficiency_gain_note": "(L1-Lfin) / (unique_blocks_mean - k)"
}