{
  "experiment": "Exp3_TinyStories",
  "config": {
    "steps": 200,
    "n_blocks": 64,
    "k": 4,
    "R": 6,
    "div_w": 0.0,
    "coord_w": 0.0,
    "diverse": true,
    "diverse_until": 60,
    "diverse_from_iter": 0,
    "pretrained_ckpt": null,
    "bs": 32,
    "seq_len": 128,
    "vocab": 8000,
    "ts_max_docs": 20000,
    "device": "cpu"
  },
  "train_s": 4911.7,
  "history": [
    {
      "step": 1,
      "L1": 250.56524658203125,
      "Lfin": 241.6595458984375,
      "loss_per_iter": [
        250.56524658203125,
        249.72439575195312,
        248.34825134277344,
        246.5111083984375,
        244.267578125,
        241.6595458984375
      ],
      "jacc": 0.9078613370656967,
      "div": 0.07852918840944767
    },
    {
      "step": 50,
      "L1": 36.88432312011719,
      "Lfin": 28.869853973388672,
      "loss_per_iter": [
        36.88432312011719,
        30.191604614257812,
        28.911113739013672,
        28.721027374267578,
        28.767337799072266,
        28.869853973388672
      ],
      "jacc": 0.9998291283845901,
      "div": 0.07878153957426548
    },
    {
      "step": 100,
      "L1": 12.299965858459473,
      "Lfin": 11.243574142456055,
      "loss_per_iter": [
        12.299965858459473,
        11.368108749389648,
        11.215537071228027,
        11.204194068908691,
        11.221065521240234,
        11.243574142456055
      ],
      "jacc": 1.0,
      "div": 0.08612463623285294
    },
    {
      "step": 150,
      "L1": 8.026533126831055,
      "Lfin": 7.674865245819092,
      "loss_per_iter": [
        8.026533126831055,
        7.591581344604492,
        7.565145492553711,
        7.600237846374512,
        7.639730453491211,
        7.674865245819092
      ],
      "jacc": 0.9999755918979645,
      "div": 0.0816104058176279
    },
    {
      "step": 200,
      "L1": 6.39381742477417,
      "Lfin": 6.431960582733154,
      "loss_per_iter": [
        6.39381742477417,
        6.264992713928223,
        6.298943519592285,
        6.34596061706543,
        6.390399932861328,
        6.431960582733154
      ],
      "jacc": 0.9760741740465164,
      "div": 0.0795611571520567
    }
  ],
  "chance_loss": 8.987,
  "final_loss_per_iter": [
    6.39381742477417,
    6.264992713928223,
    6.298943519592285,
    6.34596061706543,
    6.390399932861328,
    6.431960582733154
  ],
  "jaccard_consecutive": [
    0.8218029737472534,
    0.9062953591346741,
    0.819588303565979,
    0.8841308951377869,
    0.9753661155700684
  ],
  "dead_blocks": 25,
  "router_entropy_norm": [
    0.9749317169189453,
    0.9984293580055237,
    0.9987464547157288,
    0.9988081455230713,
    0.9988231658935547,
    0.998828113079071
  ],
  "hub_gini": 0.9305,
  "top5_block_share": 0.9717,
  "unique_blocks_per_token": {
    "mean": 5.48419189453125,
    "p50": 5.0,
    "p90": 7.0,
    "max_possible": 24,
    "reduction_64": 11.67,
    "reduction_256": 46.68,
    "reduction_1000": 182.34
  },
  "cache_sim": {
    "caps": [
      8,
      16,
      32
    ],
    "learned": [
      0.0118,
      0.004,
      0.004
    ],
    "random": [
      0.896,
      0.769,
      0.5145
    ]
  },
  "ablation": {
    "state_rel_change": [
      3.1130377054214478,
      0.5720461308956146,
      0.3301297202706337,
      0.2081850916147232,
      0.15720537304878235,
      0.13462423905730247
    ],
    "kl_div_consecutive": [
      NaN,
      Infinity,
      NaN,
      NaN,
      NaN
    ],
    "jaccard_full_matrix": [
      [
        1.0,
        0.8183245211839676,
        0.747392401099205,
        0.591924786567688,
        0.5190731883049011,
        0.5173967629671097
      ],
      [
        0.8183245211839676,
        1.0,
        0.9072103351354599,
        0.7318441420793533,
        0.6475307196378708,
        0.6450160443782806
      ],
      [
        0.747392401099205,
        0.9072103351354599,
        1.0,
        0.8132568448781967,
        0.7186768054962158,
        0.7157715111970901
      ],
      [
        0.591924786567688,
        0.7318441420793533,
        0.8132568448781967,
        1.0,
        0.8885254263877869,
        0.8751465380191803
      ],
      [
        0.5190731883049011,
        0.6475307196378708,
        0.7186768054962158,
        0.8885254263877869,
        1.0,
        0.9766601473093033
      ],
      [
        0.5173967629671097,
        0.6450160443782806,
        0.7157715111970901,
        0.8751465380191803,
        0.9766601473093033,
        1.0
      ]
    ],
    "loss_normal": [
      6.5561699867248535,
      6.422680854797363,
      6.455857515335083,
      6.502671241760254,
      6.547185301780701,
      6.588640809059143
    ],
    "loss_forced": [
      6.5561699867248535,
      6.548459410667419,
      6.412661910057068,
      6.408873558044434,
      6.446275472640991,
      6.442731261253357
    ],
    "forced_minus_normal": [
      0.0,
      0.12577855587005615,
      -0.04319560527801514,
      -0.09379768371582031,
      -0.10090982913970947,
      -0.14590954780578613
    ]
  },
  "efficiency_gain": -0.0257,
  "efficiency_gain_note": "(L1-Lfin) / (unique_blocks_mean - k)"
}