{
  "experiment": "Exp3_TinyStories",
  "config": {
    "steps": 3000,
    "n_blocks": 64,
    "k": 4,
    "R": 6,
    "div_w": 0.0,
    "coord_w": 0.05,
    "diverse": true,
    "diverse_until": 0,
    "diverse_from_iter": 0,
    "pretrained_ckpt": null,
    "bs": 32,
    "seq_len": 128,
    "vocab": 8000,
    "ts_max_docs": 20000,
    "device": "cuda"
  },
  "train_s": 1702.8,
  "history": [
    {
      "step": 1,
      "L1": 251.16580200195312,
      "Lfin": 241.96347045898438,
      "loss_per_iter": [
        251.16580200195312,
        250.29803466796875,
        248.8924560546875,
        246.99305725097656,
        244.65956115722656,
        241.96347045898438
      ],
      "jacc": 0.9115478247404099,
      "div": 0.07852291502058506
    },
    {
      "step": 500,
      "L1": 5.023946762084961,
      "Lfin": 5.018313407897949,
      "loss_per_iter": [
        5.023946762084961,
        5.0192670822143555,
        5.016561031341553,
        5.015666961669922,
        5.016270637512207,
        5.018313407897949
      ],
      "jacc": 0.9238118231296539,
      "div": 0.07790231332182884
    },
    {
      "step": 1000,
      "L1": 4.432426452636719,
      "Lfin": 4.421133995056152,
      "loss_per_iter": [
        4.432426452636719,
        4.4260454177856445,
        4.422696113586426,
        4.4207868576049805,
        4.42029333114624,
        4.421133995056152
      ],
      "jacc": 0.9362839311361313,
      "div": 0.08003273792564869
    },
    {
      "step": 1500,
      "L1": 4.223763465881348,
      "Lfin": 4.211879730224609,
      "loss_per_iter": [
        4.223763465881348,
        4.218226432800293,
        4.214472770690918,
        4.212277412414551,
        4.211530685424805,
        4.211879730224609
      ],
      "jacc": 0.9380696564912796,
      "div": 0.08244902826845646
    },
    {
      "step": 2000,
      "L1": 4.009263515472412,
      "Lfin": 3.989677906036377,
      "loss_per_iter": [
        4.009263515472412,
        4.000223636627197,
        3.9939122200012207,
        3.989752769470215,
        3.9884634017944336,
        3.989677906036377
      ],
      "jacc": 0.9296758323907852,
      "div": 0.08376752212643623
    },
    {
      "step": 2500,
      "L1": 3.900083541870117,
      "Lfin": 3.877584457397461,
      "loss_per_iter": [
        3.900083541870117,
        3.8877673149108887,
        3.8807406425476074,
        3.8765950202941895,
        3.8756980895996094,
        3.877584457397461
      ],
      "jacc": 0.9232840240001678,
      "div": 0.08529553189873695
    },
    {
      "step": 3000,
      "L1": 3.923471450805664,
      "Lfin": 3.8945226669311523,
      "loss_per_iter": [
        3.923471450805664,
        3.910398244857788,
        3.9011647701263428,
        3.8957631587982178,
        3.8939297199249268,
        3.8945226669311523
      ],
      "jacc": 0.915182039141655,
      "div": 0.08484424278140068
    }
  ],
  "chance_loss": 8.987,
  "final_loss_per_iter": [
    3.923471450805664,
    3.910398244857788,
    3.9011647701263428,
    3.8957631587982178,
    3.8939297199249268,
    3.8945226669311523
  ],
  "jaccard_consecutive": [
    0.5271046757698059,
    0.8770608901977539,
    0.9050952792167664,
    0.9159753322601318,
    0.9163958430290222
  ],
  "dead_blocks": 0,
  "router_entropy_norm": [
    0.9897918105125427,
    0.9934159517288208,
    0.9932111501693726,
    0.993174135684967,
    0.9931789636611938,
    0.9931947588920593
  ],
  "hub_gini": 0.1185,
  "top5_block_share": 0.1167,
  "unique_blocks_per_token": {
    "mean": 6.427876949310303,
    "p50": 6.0,
    "p90": 9.0,
    "max_possible": 24,
    "reduction_64": 9.96,
    "reduction_256": 39.83,
    "reduction_1000": 155.57
  },
  "cache_sim": {
    "caps": [
      8,
      16,
      32
    ],
    "learned": [
      0.2356,
      0.1914,
      0.1178
    ],
    "random": [
      0.8962,
      0.7685,
      0.515
    ]
  },
  "ablation": {
    "state_rel_change": [
      0.3446958363056183,
      0.015337792923673987,
      0.009979585651308298,
      0.00857208902016282,
      0.008260173141025007,
      0.007944444892928004
    ],
    "kl_div_consecutive": [
      0.002894591976655647,
      0.002062943356577307,
      0.001847982217441313,
      0.0018159623577957973,
      0.0018167240486945957
    ],
    "jaccard_full_matrix": [
      [
        1.0,
        0.5238714292645454,
        0.46451474726200104,
        0.43011997267603874,
        0.40630754828453064,
        0.39042386785149574
      ],
      [
        0.5238714292645454,
        1.0,
        0.8788894191384315,
        0.8169768154621124,
        0.7714972048997879,
        0.7368855997920036
      ],
      [
        0.46451474726200104,
        0.8788894191384315,
        1.0,
        0.9059431254863739,
        0.8576689511537552,
        0.8171143159270287
      ],
      [
        0.43011997267603874,
        0.8169768154621124,
        0.9059431254863739,
        1.0,
        0.9168294817209244,
        0.8767822533845901
      ],
      [
        0.40630754828453064,
        0.7714972048997879,
        0.8576689511537552,
        0.9168294817209244,
        1.0,
        0.9186831638216972
      ],
      [
        0.39042386785149574,
        0.7368855997920036,
        0.8171143159270287,
        0.8767822533845901,
        0.9186831638216972,
        1.0
      ]
    ],
    "loss_normal": [
      3.9427679777145386,
      3.928997218608856,
      3.919512838125229,
      3.9140425622463226,
      3.911702513694763,
      3.912333846092224
    ],
    "loss_forced": [
      3.9427679777145386,
      NaN,
      NaN,
      NaN,
      NaN,
      NaN
    ],
    "forced_minus_normal": [
      0.0,
      NaN,
      NaN,
      NaN,
      NaN,
      NaN
    ]
  },
  "efficiency_gain": 0.01192,
  "efficiency_gain_note": "(L1-Lfin) / (unique_blocks_mean - k)"
}