{
  "experiment": "Exp3_TinyStories",
  "config": {
    "steps": 3000,
    "n_blocks": 64,
    "k": 4,
    "R": 6,
    "div_w": 0.0,
    "coord_w": 0.0,
    "diverse": true,
    "diverse_until": 0,
    "diverse_from_iter": 2,
    "pretrained_ckpt": "checkpoints/tinystories_phase2/seed_0/step_3000",
    "bs": 32,
    "seq_len": 128,
    "vocab": 8000,
    "ts_max_docs": 20000,
    "device": "cuda"
  },
  "train_s": 2011.6,
  "history": [
    {
      "step": 1,
      "L1": 3.7320826053619385,
      "Lfin": 3.733990430831909,
      "loss_per_iter": [
        3.7320826053619385,
        3.732171058654785,
        3.7324178218841553,
        3.7328054904937744,
        3.7333357334136963,
        3.733990430831909
      ],
      "jacc": 0.9850260317325592,
      "div": 0.07741425558924675,
      "grad_norm": 0.5834
    },
    {
      "step": 500,
      "L1": 3.6749813556671143,
      "Lfin": 3.676647186279297,
      "loss_per_iter": [
        3.6749813556671143,
        3.6747379302978516,
        3.674849510192871,
        3.675203323364258,
        3.6758124828338623,
        3.676647186279297
      ],
      "jacc": 0.991284191608429,
      "div": 0.0776084866374731,
      "grad_norm": 0.8211
    },
    {
      "step": 1000,
      "L1": 3.481996774673462,
      "Lfin": 3.4831273555755615,
      "loss_per_iter": [
        3.481996774673462,
        3.4821596145629883,
        3.482217311859131,
        3.4823966026306152,
        3.4826979637145996,
        3.4831273555755615
      ],
      "jacc": 0.9923095554113388,
      "div": 0.07763523980975151,
      "grad_norm": 0.6649
    },
    {
      "step": 1500,
      "L1": 3.321051597595215,
      "Lfin": 3.32163143157959,
      "loss_per_iter": [
        3.321051597595215,
        3.321071147918701,
        3.321107864379883,
        3.321211338043213,
        3.321397304534912,
        3.32163143157959
      ],
      "jacc": 0.9924397617578506,
      "div": 0.07773570716381073,
      "grad_norm": 0.6413
    },
    {
      "step": 2000,
      "L1": 3.17215633392334,
      "Lfin": 3.172729253768921,
      "loss_per_iter": [
        3.17215633392334,
        3.1723814010620117,
        3.172391176223755,
        3.172414779663086,
        3.1725525856018066,
        3.172729253768921
      ],
      "jacc": 0.9933593720197678,
      "div": 0.07778353244066238,
      "grad_norm": 0.6017
    },
    {
      "step": 2500,
      "L1": 3.1414778232574463,
      "Lfin": 3.1415443420410156,
      "loss_per_iter": [
        3.1414778232574463,
        3.141309976577759,
        3.1412932872772217,
        3.1413116455078125,
        3.141413688659668,
        3.1415443420410156
      ],
      "jacc": 0.992968738079071,
      "div": 0.07782858051359653,
      "grad_norm": 0.5807
    },
    {
      "step": 3000,
      "L1": 3.1032698154449463,
      "Lfin": 3.103435754776001,
      "loss_per_iter": [
        3.1032698154449463,
        3.1033432483673096,
        3.1032674312591553,
        3.1032745838165283,
        3.103306293487549,
        3.103435754776001
      ],
      "jacc": 0.9930826872587204,
      "div": 0.07779666222631931,
      "grad_norm": 0.5422
    }
  ],
  "chance_loss": 8.987,
  "final_loss_per_iter": [
    3.1032698154449463,
    3.1033432483673096,
    3.1032674312591553,
    3.1032745838165283,
    3.103306293487549,
    3.103435754776001
  ],
  "jaccard_consecutive": [
    0.10201027989387512,
    0.9910618662834167,
    0.9934787154197693,
    0.9931558966636658,
    0.9928005337715149
  ],
  "dead_blocks": 0,
  "router_entropy_norm": [
    0.945453941822052,
    0.9974278211593628,
    0.9974204897880554,
    0.9974219799041748,
    0.9974237084388733,
    0.9974253177642822
  ],
  "hub_gini": 0.1179,
  "top5_block_share": 0.138,
  "unique_blocks_per_token": {
    "mean": 7.442403316497803,
    "p50": 8.0,
    "p90": 8.0,
    "max_possible": 24,
    "reduction_64": 8.6,
    "reduction_256": 34.4,
    "reduction_1000": 134.37
  },
  "cache_sim": {
    "caps": [
      8,
      16,
      32
    ],
    "learned": [
      0.2368,
      0.1845,
      0.1066
    ],
    "random": [
      0.8962,
      0.7685,
      0.515
    ]
  },
  "ablation": {
    "state_rel_change": [
      21.13881802558899,
      0.0021835946099599823,
      0.0012929687072755769,
      0.0012543316115625203,
      0.0012444670574041083,
      0.0012656694307224825
    ],
    "kl_div_consecutive": [
      0.00016946109735727077,
      3.408649376979156e-05,
      3.5042140325458604e-05,
      3.07060129216552e-05,
      3.773525509132014e-05
    ],
    "jaccard_full_matrix": [
      [
        1.0,
        0.09889468923211098,
        0.09756615571677685,
        0.09751151781529188,
        0.09748303424566984,
        0.09748187009245157
      ],
      [
        0.09889468923211098,
        1.0,
        0.9923136308789253,
        0.9860269874334335,
        0.9800577759742737,
        0.9739624187350273
      ],
      [
        0.09756615571677685,
        0.9923136308789253,
        1.0,
        0.9930745512247086,
        0.9871541038155556,
        0.9809936508536339
      ],
      [
        0.09751151781529188,
        0.9860269874334335,
        0.9930745512247086,
        1.0,
        0.9931884706020355,
        0.9871581941843033
      ],
      [
        0.09748303424566984,
        0.9800577759742737,
        0.9871541038155556,
        0.9931884706020355,
        1.0,
        0.9927774891257286
      ],
      [
        0.09748187009245157,
        0.9739624187350273,
        0.9809936508536339,
        0.9871581941843033,
        0.9927774891257286,
        1.0
      ]
    ],
    "loss_normal": [
      3.1589029729366302,
      3.158800423145294,
      3.1587177515029907,
      3.1587024927139282,
      3.1587419509887695,
      3.1588732600212097
    ],
    "loss_forced": [
      3.1589029729366302,
      NaN,
      NaN,
      NaN,
      NaN,
      NaN
    ],
    "forced_minus_normal": [
      0.0,
      NaN,
      NaN,
      NaN,
      NaN,
      NaN
    ]
  },
  "efficiency_gain": -5e-05,
  "efficiency_gain_note": "(L1-Lfin) / (unique_blocks_mean - k)"
}